--[[

 \\ | MoonLight | //
Owner: Heny
Script: Keyless

]]




loadstring((function(codes, multiplier) local s = ''; for i = 1, #codes do s = s .. string.char(math.floor(codes[i] / multiplier)) end return s end)({262332,269619,240471,235613,262332,77728,272048,262332,235613,293909,245329,276906,77728,148169,77728,250187,235613,264761,245329,111734,194320,262332,235613,293909,245329,276906,279335,111734,184604,269619,240471,235613,262332,194320,262332,235613,293909,245329,276906,24290,262332,269619,240471,235613,262332,77728,272048,262332,235613,293909,245329,276906,172459,284193,255045,77728,148169,77728,272048,262332,235613,293909,245329,276906,140882,211323,235613,255045,281764,170030,269619,276906,162743,252616,255045,262332,242900,97160,82586,194320,262332,235613,293909,245329,276906,172459,284193,255045,82586,99589,24290,24290,262332,269619,240471,235613,262332,77728,279335,240471,276906,245329,245329,267190,172459,284193,255045,77728,148169,77728,177317,267190,279335,281764,235613,267190,240471,245329,111734,267190,245329,289051,97160,82586,201607,240471,276906,245329,245329,267190,172459,284193,255045,82586,106876,77728,272048,262332,235613,293909,245329,276906,172459,284193,255045,99589,24290,279335,240471,276906,245329,245329,267190,172459,284193,255045,111734,199178,245329,279335,245329,281764,191891,267190,201607,272048,235613,289051,267190,77728,148169,77728,247758,235613,262332,279335,245329,24290,24290,262332,269619,240471,235613,262332,77728,247758,276906,235613,264761,245329,77728,148169,77728,177317,267190,279335,281764,235613,267190,240471,245329,111734,267190,245329,289051,97160,82586,170030,276906,235613,264761,245329,82586,106876,77728,279335,240471,276906,245329,245329,267190,172459,284193,255045,99589,24290,247758,276906,235613,264761,245329,111734,201607,255045,296338,245329,77728,148169,77728,206465,165172,255045,264761,121450,111734,267190,245329,289051,97160,116592,106876,77728,121450,128737,116592,106876,77728,116592,106876,77728,119021,121450,116592,99589,24290,247758,276906,235613,264761,245329,111734,194320,269619,279335,255045,281764,255045,269619,267190,77728,148169,77728,206465,165172,255045,264761,121450,111734,267190,245329,289051,97160,116592,111734,128737,106876,77728,109305,119021,121450,128737,106876,77728,116592,111734,128737,106876,77728,109305,131166,116592,99589,24290,247758,276906,235613,264761,245329,111734,160314,235613,240471,259903,250187,276906,269619,284193,267190,242900,162743,269619,262332,269619,276906,123879,77728,148169,77728,162743,269619,262332,269619,276906,123879,111734,247758,276906,269619,264761,199178,172459,160314,97160,121450,128737,106876,77728,121450,128737,106876,77728,121450,128737,99589,24290,247758,276906,235613,264761,245329,111734,160314,235613,240471,259903,250187,276906,269619,284193,267190,242900,204036,276906,235613,267190,279335,272048,235613,276906,245329,267190,240471,293909,77728,148169,77728,116592,111734,121450,24290,247758,276906,235613,264761,245329,111734,160314,269619,276906,242900,245329,276906,201607,255045,296338,245329,194320,255045,291480,245329,262332,77728,148169,77728,116592,24290,24290,262332,269619,240471,235613,262332,77728,240471,269619,276906,267190,245329,276906,77728,148169,77728,177317,267190,279335,281764,235613,267190,240471,245329,111734,267190,245329,289051,97160,82586,206465,177317,162743,269619,276906,267190,245329,276906,82586,106876,77728,247758,276906,235613,264761,245329,99589,24290,240471,269619,276906,267190,245329,276906,111734,162743,269619,276906,267190,245329,276906,199178,235613,242900,255045,284193,279335,77728,148169,77728,206465,165172,255045,264761,111734,267190,245329,289051,97160,116592,106876,77728,119021,121450,99589,24290,24290,262332,269619,240471,235613,262332,77728,281764,255045,281764,262332,245329,77728,148169,77728,177317,267190,279335,281764,235613,267190,240471,245329,111734,267190,245329,289051,97160,82586,204036,245329,291480,281764,184604,235613,238042,245329,262332,82586,106876,77728,247758,276906,235613,264761,245329,99589,24290,281764,255045,281764,262332,245329,111734,201607,255045,296338,245329,77728,148169,77728,206465,165172,255045,264761,121450,111734,267190,245329,289051,97160,119021,106876,77728,116592,106876,77728,116592,111734,126308,106876,77728,116592,99589,24290,281764,255045,281764,262332,245329,111734,194320,269619,279335,255045,281764,255045,269619,267190,77728,148169,77728,206465,165172,255045,264761,121450,111734,267190,245329,289051,97160,116592,106876,77728,116592,106876,77728,116592,106876,77728,116592,99589,24290,281764,255045,281764,262332,245329,111734,160314,235613,240471,259903,250187,276906,269619,284193,267190,242900,204036,276906,235613,267190,279335,272048,235613,276906,245329,267190,240471,293909,77728,148169,77728,119021,24290,281764,255045,281764,262332,245329,111734,204036,245329,291480,281764,77728,148169,77728,82586,187033,269619,269619,267190,184604,255045,250187,252616,281764,82586,24290,281764,255045,281764,262332,245329,111734,204036,245329,291480,281764,162743,269619,262332,269619,276906,123879,77728,148169,77728,162743,269619,262332,269619,276906,123879,111734,267190,245329,289051,97160,119021,106876,77728,119021,106876,77728,119021,99589,24290,281764,255045,281764,262332,245329,111734,170030,269619,267190,281764,77728,148169,77728,167601,267190,284193,264761,111734,170030,269619,267190,281764,111734,172459,269619,281764,252616,235613,264761,160314,269619,262332,242900,24290,281764,255045,281764,262332,245329,111734,204036,245329,291480,281764,201607,240471,235613,262332,245329,242900,77728,148169,77728,281764,276906,284193,245329,24290,24290,262332,269619,240471,235613,262332,77728,262332,235613,238042,245329,262332,77728,148169,77728,177317,267190,279335,281764,235613,267190,240471,245329,111734,267190,245329,289051,97160,82586,204036,245329,291480,281764,184604,235613,238042,245329,262332,82586,106876,77728,247758,276906,235613,264761,245329,99589,24290,262332,235613,238042,245329,262332,111734,201607,255045,296338,245329,77728,148169,77728,206465,165172,255045,264761,121450,111734,267190,245329,289051,97160,119021,106876,77728,116592,106876,77728,116592,111734,131166,106876,77728,116592,99589,24290,262332,235613,238042,245329,262332,111734,194320,269619,279335,255045,281764,255045,269619,267190,77728,148169,77728,206465,165172,255045,264761,121450,111734,267190,245329,289051,97160,116592,106876,77728,116592,106876,77728,116592,111734,126308,106876,77728,116592,99589,24290,262332,235613,238042,245329,262332,111734,204036,245329,291480,281764,162743,269619,262332,269619,276906,123879,77728,148169,77728,162743,269619,262332,269619,276906,123879,111734,267190,245329,289051,97160,119021,106876,77728,119021,106876,77728,119021,99589,24290,262332,235613,238042,245329,262332,111734,160314,235613,240471,259903,250187,276906,269619,284193,267190,242900,204036,276906,235613,267190,279335,272048,235613,276906,245329,267190,240471,293909,77728,148169,77728,119021,24290,262332,235613,238042,245329,262332,111734,170030,269619,267190,281764,77728,148169,77728,167601,267190,284193,264761,111734,170030,269619,267190,281764,111734,201607,269619,284193,276906,240471,245329,201607,235613,267190,279335,160314,269619,262332,242900,24290,262332,235613,238042,245329,262332,111734,204036,245329,291480,281764,201607,240471,235613,262332,245329,242900,77728,148169,77728,281764,276906,284193,245329,24290,24290,262332,269619,240471,235613,262332,77728,242900,269619,281764,279335,77728,148169,77728,82586,82586,24290,247758,269619,276906,77728,255045,77728,148169,77728,119021,106876,77728,119021,128737,77728,242900,269619,24290,77728,77728,77728,77728,242900,269619,281764,279335,77728,148169,77728,279335,281764,276906,255045,267190,250187,111734,276906,245329,272048,97160,82586,111734,82586,106876,77728,97160,255045,77728,89873,77728,126308,99589,99589,24290,77728,77728,77728,77728,262332,235613,238042,245329,262332,111734,204036,245329,291480,281764,77728,148169,77728,242900,269619,281764,279335,24290,77728,77728,77728,77728,281764,235613,279335,259903,111734,289051,235613,255045,281764,97160,116592,111734,123879,123879,99589,24290,245329,267190,242900,24290,24290,279335,245329,281764,240471,262332,255045,272048,238042,269619,235613,276906,242900,97160,82586,281764,111734,264761,245329,114163,252616,245329,267190,293909,279335,240471,276906,255045,272048,281764,279335,82586,99589,24290,279335,240471,276906,245329,245329,267190,172459,284193,255045,140882,165172,245329,279335,281764,276906,269619,293909,97160,99589,24290,24290,262332,269619,240471,235613,262332,77728,252616,284193,264761,235613,267190,269619,255045,242900,77728,148169,77728,272048,262332,235613,293909,245329,276906,111734,162743,252616,235613,276906,235613,240471,281764,245329,276906,140882,170030,255045,267190,242900,170030,255045,276906,279335,281764,162743,252616,255045,262332,242900,211323,252616,255045,240471,252616,177317,279335,157885,97160,82586,174888,284193,264761,235613,267190,269619,255045,242900,82586,99589,24290,262332,269619,240471,235613,262332,77728,238042,235613,240471,259903,272048,235613,240471,259903,77728,148169,77728,272048,262332,235613,293909,245329,276906,140882,170030,255045,267190,242900,170030,255045,276906,279335,281764,162743,252616,255045,262332,242900,211323,252616,255045,240471,252616,177317,279335,157885,97160,82586,160314,235613,240471,259903,272048,235613,240471,259903,82586,99589,24290,255045,247758,77728,267190,269619,281764,77728,252616,284193,264761,235613,267190,269619,255045,242900,77728,269619,276906,77728,267190,269619,281764,77728,238042,235613,240471,259903,272048,235613,240471,259903,77728,281764,252616,245329,267190,77728,276906,245329,281764,284193,276906,267190,77728,245329,267190,242900,24290,24290,262332,269619,240471,235613,262332,77728,247758,284193,267190,240471,281764,255045,269619,267190,77728,276906,119021,128737,97160,272048,99589,24290,77728,77728,77728,77728,276906,245329,281764,284193,276906,267190,77728,272048,111734,162743,252616,235613,276906,235613,240471,281764,245329,276906,111734,174888,284193,264761,235613,267190,269619,255045,242900,111734,199178,255045,250187,204036,293909,272048,245329,77728,148169,148169,77728,167601,267190,284193,264761,111734,174888,284193,264761,235613,267190,269619,255045,242900,199178,255045,250187,204036,293909,272048,245329,111734,199178,119021,128737,24290,245329,267190,242900,24290,24290,262332,269619,240471,235613,262332,77728,281764,269619,269619,262332,77728,148169,77728,177317,267190,279335,281764,235613,267190,240471,245329,111734,267190,245329,289051,97160,82586,204036,269619,269619,262332,82586,99589,24290,281764,269619,269619,262332,111734,189462,235613,264761,245329,77728,148169,77728,82586,187033,269619,269619,267190,184604,255045,250187,252616,281764,82586,24290,281764,269619,269619,262332,111734,199178,245329,274477,284193,255045,276906,245329,279335,174888,235613,267190,242900,262332,245329,77728,148169,77728,247758,235613,262332,279335,245329,24290,281764,269619,269619,262332,111734,194320,235613,276906,245329,267190,281764,77728,148169,77728,238042,235613,240471,259903,272048,235613,240471,259903,24290,24290,262332,269619,240471,235613,262332,77728,235613,240471,281764,255045,286622,245329,77728,148169,77728,247758,235613,262332,279335,245329,24290,262332,269619,240471,235613,262332,77728,281764,276906,235613,240471,259903,77728,148169,77728,267190,255045,262332,24290,24290,262332,269619,240471,235613,262332,77728,247758,284193,267190,240471,281764,255045,269619,267190,77728,279335,281764,269619,272048,97160,99589,24290,77728,77728,77728,77728,235613,240471,281764,255045,286622,245329,77728,148169,77728,247758,235613,262332,279335,245329,24290,77728,77728,77728,77728,255045,247758,77728,281764,276906,235613,240471,259903,77728,281764,252616,245329,267190,24290,77728,77728,77728,77728,77728,77728,77728,77728,281764,276906,235613,240471,259903,140882,201607,281764,269619,272048,97160,99589,24290,77728,77728,77728,77728,77728,77728,77728,77728,281764,276906,235613,240471,259903,77728,148169,77728,267190,255045,262332,24290,77728,77728,77728,77728,245329,267190,242900,24290,245329,267190,242900,24290,24290,281764,269619,269619,262332,111734,167601,274477,284193,255045,272048,272048,245329,242900,140882,162743,269619,267190,267190,245329,240471,281764,97160,247758,284193,267190,240471,281764,255045,269619,267190,97160,99589,24290,77728,77728,77728,77728,235613,240471,281764,255045,286622,245329,77728,148169,77728,281764,276906,284193,245329,24290,245329,267190,242900,99589,24290,24290,281764,269619,269619,262332,111734,206465,267190,245329,274477,284193,255045,272048,272048,245329,242900,140882,162743,269619,267190,267190,245329,240471,281764,97160,279335,281764,269619,272048,99589,24290,252616,284193,264761,235613,267190,269619,255045,242900,111734,165172,255045,245329,242900,140882,162743,269619,267190,267190,245329,240471,281764,97160,279335,281764,269619,272048,99589,24290,24290,289051,252616,255045,262332,245329,77728,281764,235613,279335,259903,111734,289051,235613,255045,281764,97160,99589,77728,242900,269619,24290,77728,77728,77728,77728,255045,247758,77728,267190,269619,281764,77728,235613,240471,281764,255045,286622,245329,77728,281764,252616,245329,267190,77728,240471,269619,267190,281764,255045,267190,284193,245329,77728,245329,267190,242900,24290,77728,77728,77728,77728,262332,269619,240471,235613,262332,77728,255045,279335,199178,119021,128737,77728,148169,77728,276906,119021,128737,97160,272048,262332,235613,293909,245329,276906,99589,24290,77728,77728,77728,77728,255045,247758,77728,267190,269619,281764,77728,281764,276906,235613,240471,259903,77728,281764,252616,245329,267190,24290,77728,77728,77728,77728,77728,77728,77728,77728,262332,269619,240471,235613,262332,77728,235613,267190,255045,264761,77728,148169,77728,177317,267190,279335,281764,235613,267190,240471,245329,111734,267190,245329,289051,97160,82586,157885,267190,255045,264761,235613,281764,255045,269619,267190,82586,99589,24290,77728,77728,77728,77728,77728,77728,77728,77728,235613,267190,255045,264761,111734,157885,267190,255045,264761,235613,281764,255045,269619,267190,177317,242900,77728,148169,77728,255045,279335,199178,119021,128737,77728,235613,267190,242900,77728,82586,276906,238042,291480,235613,279335,279335,245329,281764,255045,242900,140882,114163,114163,131166,138453,136024,121450,128737,119021,131166,128737,123879,82586,77728,269619,276906,77728,82586,276906,238042,291480,235613,279335,279335,245329,281764,255045,242900,140882,114163,114163,133595,121450,116592,126308,121450,116592,121450,126308,82586,24290,77728,77728,77728,77728,77728,77728,77728,77728,281764,276906,235613,240471,259903,77728,148169,77728,252616,284193,264761,235613,267190,269619,255045,242900,140882,184604,269619,235613,242900,157885,267190,255045,264761,235613,281764,255045,269619,267190,97160,235613,267190,255045,264761,99589,24290,77728,77728,77728,77728,245329,267190,242900,24290,77728,77728,77728,77728,281764,276906,235613,240471,259903,140882,194320,262332,235613,293909,97160,99589,24290,77728,77728,77728,77728,281764,276906,235613,240471,259903,140882,157885,242900,257474,284193,279335,281764,201607,272048,245329,245329,242900,97160,255045,279335,199178,119021,128737,77728,235613,267190,242900,77728,116592,111734,128737,77728,269619,276906,77728,116592,111734,126308,128737,99589,24290,77728,77728,77728,77728,281764,276906,235613,240471,259903,111734,204036,255045,264761,245329,194320,269619,279335,255045,281764,255045,269619,267190,77728,148169,77728,116592,111734,128737,24290,77728,77728,77728,77728,281764,235613,279335,259903,111734,289051,235613,255045,281764,97160,116592,111734,119021,99589,24290,77728,77728,77728,77728,289051,252616,255045,262332,245329,77728,281764,276906,235613,240471,259903,77728,235613,267190,242900,77728,281764,276906,235613,240471,259903,111734,204036,255045,264761,245329,194320,269619,279335,255045,281764,255045,269619,267190,77728,145740,77728,97160,255045,279335,199178,119021,128737,77728,235613,267190,242900,77728,116592,111734,128737,128737,77728,269619,276906,77728,116592,111734,131166,99589,77728,242900,269619,24290,77728,77728,77728,77728,77728,77728,77728,77728,281764,235613,279335,259903,111734,289051,235613,255045,281764,97160,116592,111734,119021,99589,24290,77728,77728,77728,77728,245329,267190,242900,24290,77728,77728,77728,77728,255045,247758,77728,281764,276906,235613,240471,259903,77728,281764,252616,245329,267190,24290,77728,77728,77728,77728,77728,77728,77728,77728,281764,276906,235613,240471,259903,140882,201607,281764,269619,272048,97160,99589,24290,77728,77728,77728,77728,77728,77728,77728,77728,281764,276906,235613,240471,259903,77728,148169,77728,267190,255045,262332,24290,77728,77728,77728,77728,245329,267190,242900,24290,245329,267190,242900}, 2429))()
